 4.18356566650183
 2.322604116395647
 7.41312191880063
 4.74939075588784
 4.13052314871527
 6.26013392805304
 5.0950233789612
 7.77502424534733
 4.44112406368297
 1.798309791434422
 2.50506543035730
 15.79381217819548
 2.62018839935072
 7.41312191880063
 2.47472606672093
 1.86165701885067
 3.99699590744712
 1.749331838283869
 4.44112406368297
 4.74939075588784
 4.05821837443175
 16.5872208388015
 2.0469761568006
 4.061197719100241
 2.47472606672093
 16.5872208388015
 11.05432824253100
 11.05432824253100
 14.6009338141409
 16.5872208388015
 1.771331441745408
 4.488742395804190
 7.826841251682175
 4.13052314871527
 5.58354046704820
 5.58354046704820
 5.58354046704820
 2.47472606672093
 14.6009338141409
 4.061197719100241
 1.86165701885067
 4.488742395804190
 11.05432824253100
 2.62018839935072
 5.58354046704820
 4.74939075588784
 1.798309791434422
 2.62018839935072
 11.05432824253100
 2.322604116395647
 5.0950233789612
 1.771331441745408
 5.0950233789612
 5.0950233789612
 4.061197719100241
 3.99699590744712
 4.05821837443175
 2.47472606672093
 7.826841251682175
 7.826841251682175
 7.77502424534733
 1.749331838283869
 16.5872208388015
 15.79381217819548
 16.5872208388015
 4.8127993359516
 6.26013392805304
 8.34801278405185
 2.0469761568006
 16.5872208388015
 8.34801278405185
 4.8127993359516
 4.18356566650183
 4.8127993359516
 1.798309791434422
 4.488742395804190
 5.0950233789612
 1.798309791434422
 8.34801278405185
 1.798309791434422
 2.50506543035730
 1.749331838283869
 3.99699590744712
 7.826841251682175
 4.44112406368297
 7.41312191880063
 7.77502424534733
 4.18356566650183
 2.322604116395647
 1.798309791434422
 2.50506543035730
 5.0950233789612
 4.13052314871527
 1.771331441745408
 6.26013392805304
 15.79381217819548
 2.0469761568006
